1 0.000011
2 0.000011
3 0.000011
4 0.000011
5 0.000011
6 0.000011
7 0.000011
8 0.000011
9 0.000011
10 0.000011
20 0.000011
30 0.000011
40 0.000012
50 0.000012
60 0.000012
70 0.000012
80 0.000013
90 0.000013
100 0.000013
200 0.000015
300 0.000018
400 0.000020
500 0.000022
600 0.000024
700 0.000027
800 0.000029
900 0.000031
1000 0.000034
2000 0.000057
3000 0.000080
4000 0.000108
5000 0.000126
6000 0.000149
7000 0.000172
8000 0.000195
9000 0.000218
10000 0.000241
20000 0.000472
30000 0.000718
40000 0.000947
50000 0.001168
60000 0.001400
70000 0.001639
80000 0.001872
90000 0.002093
100000 0.002327
200000 0.004639
300000 0.006951
400000 0.009261
500000 0.011568
600000 0.013878
700000 0.016186
800000 0.018499
900000 0.020822
1000000 0.023111
2000000 0.046239
3000000 0.069302
4000000 0.092424
5000000 0.115477
6000000 0.138595
7000000 0.161802
8000000 0.184907
9000000 0.207879
10000000 0.230921
20000000 0.461829
30000000 0.692934
40000000 0.923619
50000000 1.154524
60000000 1.386667
70000000 2.148233
80000000 1.847314
90000000 2.078081
100000000 2.308986
