1 0.000016
2 0.000021
3 0.000026
4 0.000031
5 0.000035
6 0.000041
7 0.000045
8 0.000050
9 0.000055
10 0.000060
20 0.000109
30 0.000159
40 0.000209
50 0.000258
60 0.000325
70 0.000358
80 0.000413
90 0.000457
100 0.000512
200 0.001009
300 0.001507
400 0.002012
500 0.002513
600 0.003004
700 0.003498
800 0.003999
900 0.004498
1000 0.005001
2000 0.009980
3000 0.014958
4000 0.019937
5000 0.024916
6000 0.029892
7000 0.034867
8000 0.039934
9000 0.044826
10000 0.049808
20000 0.099584
30000 0.149364
40000 0.199193
50000 0.248933
60000 0.298707
70000 0.348484
80000 0.398268
90000 0.448052
100000 0.497824
200000 0.995808
300000 1.493460
400000 1.991282
500000 2.489188
600000 2.986957
700000 3.484851
800000 3.982562
900000 4.480341
1000000 4.978257
2000000 9.956237
3000000 14.936727
4000000 19.912383
5000000 24.890555
6000000 29.869046
7000000 34.846337
8000000 39.826278
9000000 44.802930
10000000 49.781950
20000000 99.562991
30000000 149.341478
40000000 199.317438
50000000 249.109781
60000000 298.903661
70000000 348.755450
80000000 398.572403
90000000 448.365577
100000000 498.222048
