1 0.000011
2 0.000012
3 0.000012
4 0.000013
5 0.000013
6 0.000013
7 0.000014
8 0.000014
9 0.000015
10 0.000015
20 0.000020
30 0.000024
40 0.000029
50 0.000033
60 0.000038
70 0.000042
80 0.000047
90 0.000051
100 0.000056
200 0.000101
300 0.000151
400 0.000191
500 0.000250
600 0.000281
700 0.000326
800 0.000376
900 0.000416
1000 0.000461
2000 0.000912
3000 0.001366
4000 0.001822
5000 0.002269
6000 0.002728
7000 0.003171
8000 0.003632
9000 0.004082
10000 0.004527
20000 0.009045
30000 0.013553
40000 0.018069
50000 0.022578
60000 0.027088
70000 0.031598
80000 0.036112
90000 0.040647
100000 0.045125
200000 0.090245
300000 0.135345
400000 0.180507
500000 0.225550
600000 0.270654
700000 0.315792
800000 0.360855
900000 0.405965
1000000 0.451105
2000000 0.902112
3000000 1.353201
4000000 1.804262
5000000 2.255247
6000000 2.706342
7000000 3.157351
8000000 3.608633
9000000 4.059471
10000000 4.510547
20000000 9.021107
30000000 13.534311
40000000 18.043709
50000000 22.551939
60000000 27.062768
70000000 31.573197
80000000 36.083289
90000000 40.593709
100000000 45.104254
