1 0.000012
2 0.000011
3 0.000011
4 0.000011
5 0.000011
6 0.000011
7 0.000011
8 0.000011
9 0.000011
10 0.000011
20 0.000011
30 0.000011
40 0.000011
50 0.000016
60 0.000011
70 0.000011
80 0.000011
90 0.000011
100 0.000011
200 0.000011
300 0.000012
400 0.000012
500 0.000012
600 0.000013
700 0.000013
800 0.000014
900 0.000014
1000 0.000014
2000 0.000018
3000 0.000021
4000 0.000025
5000 0.000029
6000 0.000032
7000 0.000036
8000 0.000044
9000 0.000043
10000 0.000047
20000 0.000083
30000 0.000119
40000 0.000155
50000 0.000197
60000 0.000227
70000 0.000279
80000 0.000300
90000 0.000336
100000 0.000372
200000 0.000738
300000 0.001102
400000 0.001460
500000 0.001827
600000 0.002184
700000 0.002553
800000 0.002952
900000 0.003283
1000000 0.003641
2000000 0.007259
3000000 0.010875
4000000 0.014494
5000000 0.018110
6000000 0.021722
7000000 0.025392
8000000 0.028961
9000000 0.032580
10000000 0.036195
20000000 0.072391
30000000 0.108537
40000000 0.160939
50000000 0.180873
60000000 0.217038
70000000 0.253208
80000000 0.289379
90000000 0.325552
100000000 0.361912
